point2:  0.000000  0.016565 0.037343  0.031250 -0.000000 -0.000000 0.031250 
point2:  1.000000  0.786375 -0.011247  0.030422 0.000003 0.000003 0.030240 
point2:  2.000000  0.851083 0.744958  0.030356 -0.000185 -0.000185 0.030306 
point2:  3.000000  1.048702 2.139255  0.029854 -0.000642 -0.000642 0.030850 
point2:  4.000000  0.961047 2.790126  0.029411 -0.000755 -0.000755 0.031349 
point2:  5.000000  2.134378 3.115415  0.029740 -0.001831 -0.001831 0.031174 
point2:  6.000000  3.220958 2.895099  0.030816 -0.002528 -0.002528 0.030268 
point2:  7.000000  3.065303 3.633458  0.030107 -0.002972 -0.002972 0.031148 
point2:  8.000000  2.674521 4.764710  0.028745 -0.003236 -0.003236 0.032872 
point2:  9.000000  3.246624 6.023792  0.028024 -0.004487 -0.004487 0.034616 
point2:  10.000000  3.283597 6.943717  0.027128 -0.004635 -0.004635 0.036187 
point2:  11.000000  2.742912 7.995758  0.025947 -0.003521 -0.003521 0.037647 
point2:  12.000000  3.715755 8.292674  0.026177 -0.004730 -0.004730 0.038084 
point2:  13.000000  3.086624 7.955819  0.026123 -0.004029 -0.004029 0.037638 
point2:  14.000000  2.039176 7.756110  0.025843 -0.002644 -0.002644 0.037360 
point2:  15.000000  0.798205 7.979768  0.025497 -0.000989 -0.000989 0.037522 
point2:  16.000000  0.331210 7.634149  0.025606 -0.000426 -0.000426 0.037212 
point2:  17.000000  -1.055351 7.891062  0.025563 0.001322 0.001322 0.037455 
