point2:  0.000000  0.016214 0.037582  0.031250 -0.000000 -0.000000 0.031250 
point2:  1.000000  0.790823 -0.002791  0.030423 0.000001 0.000001 0.030239 
point2:  2.000000  0.853613 0.746563  0.030356 -0.000186 -0.000186 0.030306 
point2:  3.000000  1.064031 2.135746  0.029861 -0.000650 -0.000650 0.030843 
point2:  4.000000  0.966754 2.789128  0.029413 -0.000759 -0.000759 0.031346 
point2:  5.000000  2.127544 3.132903  0.029723 -0.001834 -0.001834 0.031194 
point2:  6.000000  3.212256 2.902848  0.030802 -0.002528 -0.002528 0.030281 
point2:  7.000000  3.067298 3.636785  0.030106 -0.002977 -0.002977 0.031150 
point2:  8.000000  2.656415 4.771520  0.028724 -0.003218 -0.003218 0.032891 
point2:  9.000000  3.272961 5.991385  0.028083 -0.004516 -0.004516 0.034549 
point2:  10.000000  3.293071 6.935814  0.027143 -0.004651 -0.004651 0.036172 
point2:  11.000000  2.715667 8.020314  0.025921 -0.003471 -0.003471 0.037669 
point2:  12.000000  3.716791 8.320786  0.026155 -0.004708 -0.004708 0.038112 
point2:  13.000000  3.084131 7.948001  0.026127 -0.004029 -0.004029 0.037629 
point2:  14.000000  2.036234 7.772681  0.025833 -0.002636 -0.002636 0.037377 
point2:  15.000000  0.791464 8.003363  0.025488 -0.000977 -0.000977 0.037540 
point2:  16.000000  0.331267 7.633738  0.025606 -0.000426 -0.000426 0.037212 
point2:  17.000000  -1.059282 7.928988  0.025547 0.001321 0.001321 0.037487
